--- 
  version: 
    config: 1428541811
    puppet: "3.7.5"
  resources: 
    changed: 0
    failed: 26
    failed_to_restart: 0
    out_of_sync: 26
    restarted: 0
    scheduled: 0
    skipped: 0
    total: 34
  time: 
    config_retrieval: 0.17873454
    filebucket: 3.9306e-05
    git_config: 1.6118252800000004
    package: 0.02553237
    schedule: 0.000201034
    total: 1.8163325300000004
    last_run: 1428541813
  changes: 
    total: 0
  events: 
    failure: 26
    success: 0
    total: 26